0006
0007
0008
0007
0014
0006
0007
0007
0008
0007
0006
0007
0007
0007
0007
0007
0017
0010
0005
0005
0005
0005
0005
0005
0010
0005
0005
0005
0005
0005
0005
0005
0005
0005
0005
0005
0005
0005
0005
0010
0005
0005
0010
0008
0008
0008
0004
0010
0008
0007
0008
0010
0004
0008
0007
0008
0010
0008
0008
0007
0010
0005
0005
0010
0008
0011
0010
0010
0005
0005
0005
0005
0010
0005
0008
0006
0010
0011
0005
0005
0005
0005
0005
0005
0004
0003
0001
0011
0008
0017
0008
0010
0011
0006
0010
0005
0005
0001
0002
0001
0002
0001
0002
0001
0002
0001
