0008
0011
0008
0014
0018
0014
0005
0016
0016
0014
0007
0008
0007
0014
0021
0007
0020
0038
0008
0007
0007
0006
0014
0028
0025
0007
0010
0011
0016
0011
0018
0022
0004
0009
0007
0008
0007
0043
0007
0009
0033
0006
0007
0025
0007
0018
0007
0007
0008
0033
0023
0005
0022
0007
0022
0007
0022
0007
0012
0011
0002
0011
0002
0012
0011
0002
0006
0002
0006
0010
0008
0006
0007
0017
0007
0008
0010
0008
0007
0010
0007
0007
0008
0011
0010
0008
0006
0007
0017
0007
0011
0007
0005
0006
0005
0007
0005
0007
0005
0007
0009
0010
0006
0006
0006
0005
0006
0010
0005
0005
0005
0005
0010
0005
0011
0008
0011
0007
0011
0005
0005
0005
0008
0005
0011
0005
0005
0005
0010
0008
0008
0010
0005
0005
0005
0005
0010
0005
0010
0005
0005
0004
0004
0005
0010
0005
0005
0005
0011
0005
0005
0005
0005
0005
0005
0004
0005
0004
0005
0040
0024
0035
0032
0014
0017
0035
0034
0033
0010
0008
0012
0010
0005
0005
0005
0018
0011
0006
0004
0005
0017
0005
0002
0017
0002
0017
0002
0017
0010
0008
0042
0046
0007
0008
0045
0042
0016
0008
